6
1 2 3 4 30000
10 11 12 13 15000
5 6 7 8 37800
1 5 10 12 20000
5 6 9 11 43000
1 9 12 13 11000
3
1 4 7 9 10000
3 5 7 11 17890
6 7 12 13 20000
19
11 10 6 7 33571
7 9 1 6 11724
2 8 1 13 23943
10 11 8 9 33978
4 2 3 11 11674
13 7 8 5 37706
2 6 11 8 46242
7 2 13 10 58183
8 10 4 9 56744
1 4 8 11 39867
13 4 12 7 8633
12 7 11 3 55456
8 5 13 12 9725
9 5 10 4 46479
1 11 5 9 22799
5 9 3 8 56704
6 7 5 2 24973
11 12 7 9 24278
8 13 4 6 5549
25
9 8 2 6 37981
13 10 2 5 54578
4 9 1 8 12021
2 1 8 10 9941
3 11 2 8 3539
8 2 7 5 57512
8 6 7 4 43570
12 11 1 4 55591
4 3 13 5 7129
11 1 2 5 56619
2 12 10 6 29871
7 10 12 13 16220
1 12 6 13 11669
10 8 11 4 29426
8 3 1 11 4283
10 13 5 9 56549
1 3 4 8 7248
8 6 13 1 7988
5 9 2 7 34901
2 13 6 8 42498
2 1 12 3 50114
8 1 13 5 13333
2 12 4 8 666
3 11 7 8 32812
13 9 3 5 17449
54
4 12 11 2 56520
13 5 3 9 24771
4 13 1 9 36197
8 3 10 12 14265
6 9 5 8 28538
3 6 12 1 44769
3 8 7 1 44057
12 9 13 2 15302
1 3 5 8 35987
1 5 13 12 28041
10 4 3 6 40335
1 2 13 3 10376
1 10 5 6 14763
3 7 8 4 58683
3 6 10 13 33750
5 1 13 2 26592
3 2 1 5 40976
4 8 2 3 59119
10 2 13 1 37047
12 10 4 5 44544
12 4 5 8 25305
6 12 13 2 11161
2 3 7 4 18006
10 2 4 9 28731
4 5 6 13 4840
9 12 7 8 33048
3 7 11 2 59424
2 12 5 10 29871
6 8 10 9 51059
13 12 5 1 46766
9 4 12 5 5926
11 6 1 8 38361
11 10 2 12 50155
12 13 9 8 3233
9 3 1 12 748
9 10 4 5 58463
2 9 12 5 26347
5 11 2 1 28576
5 11 10 4 23526
5 12 1 7 34387
7 9 11 12 20887
13 11 8 7 542
8 5 3 4 46610
5 11 8 4 55927
2 6 13 9 59543
13 11 3 12 17297
6 9 10 1 38600
6 4 3 9 34192
10 7 11 1 38509
1 12 5 11 30448
13 6 12 9 665
9 2 5 12 45039
5 11 4 1 3448
12 8 3 13 12724
62
6 12 5 13 44868
13 12 11 2 51572
12 8 1 5 57342
7 2 6 13 6442
3 9 12 11 37182
4 12 10 11 6141
5 6 1 7 29637
1 10 2 7 22270
6 2 13 8 8514
6 4 9 1 40970
7 11 13 1 13898
3 10 8 12 15891
12 6 11 8 11593
4 5 11 13 8747
13 10 8 12 52237
3 10 6 11 13899
1 9 11 2 10395
12 11 4 1 41669
3 8 1 11 49805
12 13 1 9 48877
3 8 7 10 15649
9 5 7 13 59913
6 5 7 10 47733
8 5 3 4 15670
2 13 10 9 2047
12 11 6 9 56984
4 1 7 5 42567
1 9 7 13 32681
8 3 13 1 15308
3 8 7 10 25476
8 12 5 1 12020
2 1 10 6 43683
9 13 10 11 34965
13 12 10 4 1352
11 6 5 13 43146
8 11 13 5 21058
10 7 2 3 9931
10 3 13 2 57461
9 3 7 5 50582
1 11 2 8 14189
3 6 13 11 10260
4 6 2 5 10369
8 6 11 3 43749
2 1 12 6 9951
4 9 3 2 50823
11 4 7 8 20324
2 4 5 9 31274
9 13 3 4 6902
8 7 10 12 32873
6 9 1 4 27060
5 10 2 11 34854
5 3 11 13 17785
6 1 8 7 25767
12 7 13 9 10013
1 8 11 6 1446
5 12 3 4 23242
5 13 9 10 12829
6 5 4 10 29661
13 8 2 3 16846
4 13 5 6 8416
2 9 1 6 29906
2 9 13 7 37256
58
11 2 9 4 13110
3 9 13 2 8345
10 4 1 12 1357
2 8 12 13 44569
9 4 12 13 702
4 3 11 12 39748
3 8 9 6 24118
10 1 3 5 55498
1 6 2 10 7062
4 11 13 8 27836
11 2 12 8 37560
13 4 1 3 12026
11 6 4 12 47135
3 12 6 10 29791
12 5 6 2 32594
7 9 8 4 14578
7 5 13 6 17980
2 5 10 7 14949
2 7 13 10 25399
5 7 12 13 38701
9 4 7 3 36201
9 2 13 1 3028
5 13 12 3 828
4 8 13 12 16137
11 4 9 8 28239
13 7 8 10 14821
4 2 11 5 534
10 7 13 8 38965
9 3 11 1 31145
2 10 7 9 19449
8 11 6 13 27569
12 7 4 8 3109
8 10 2 12 12456
12 4 1 7 30483
1 5 12 7 7405
11 3 1 2 18281
9 10 5 8 30320
7 4 1 6 55251
1 8 10 9 47931
9 5 2 10 59888
6 3 7 9 21656
10 6 9 8 39944
12 13 2 8 24180
12 7 1 11 51963
12 6 7 8 39158
7 13 8 5 45300
3 6 10 11 6335
2 3 4 9 41651
5 2 1 12 14818
3 5 10 9 8703
6 7 12 11 7553
8 1 11 10 17464
12 5 8 10 34265
11 3 4 7 31059
4 11 7 1 40460
11 2 5 6 28077
4 9 13 1 55147
9 13 7 8 5988
113
13 7 10 1 28404
1 7 2 12 32429
11 12 1 13 33479
13 10 1 2 15576
11 6 12 7 28864
10 11 6 1 18028
13 1 9 7 56406
2 13 8 1 53004
12 3 11 8 27778
10 12 7 5 17739
8 1 12 9 42969
9 1 5 6 16060
3 12 9 5 38472
1 5 12 9 38212
2 1 3 6 41205
13 3 6 2 57841
9 4 13 7 7602
4 13 10 12 20308
2 3 10 11 32406
1 12 7 11 52239
3 5 10 8 4954
12 6 13 8 46325
3 11 9 12 42973
9 11 10 12 2422
10 8 2 13 49109
4 3 7 5 8324
3 9 6 7 29868
1 2 6 12 51051
6 13 2 12 38716
6 13 5 2 15982
13 7 8 3 5573
8 7 6 10 33526
8 1 11 10 25213
12 7 13 9 33982
2 13 4 10 50677
5 1 4 13 18584
12 8 1 2 10834
11 10 13 5 24415
12 8 4 6 37134
11 13 2 12 25842
6 7 4 1 45759
3 2 8 6 19319
5 2 6 7 41755
8 11 6 13 6928
6 11 5 2 2990
12 9 3 13 43978
5 1 2 11 52877
7 11 12 3 40736
9 2 10 5 44420
9 10 4 6 10460
2 10 4 1 2959
1 3 4 11 961
1 10 3 13 10914
9 13 11 7 3808
7 13 6 3 38693
6 3 5 4 21690
5 11 12 8 33539
11 7 5 1 19530
10 12 5 3 52869
5 10 3 13 4781
9 1 4 12 53919
8 1 7 4 10649
3 4 7 11 7910
11 4 2 10 44698
12 7 11 10 57082
11 7 6 3 38991
6 13 9 5 1229
5 6 4 12 56851
4 10 13 8 44555
12 6 8 11 34236
11 8 4 12 59992
2 7 6 1 23258
8 6 1 5 44842
6 7 10 8 29250
10 1 2 12 58091
13 5 12 6 7418
10 12 6 1 9350
8 13 1 5 40904
11 13 2 12 40095
1 13 6 4 41146
10 2 13 8 31449
8 5 6 9 19049
8 1 10 7 4246
2 13 11 4 12042
2 6 8 5 36865
4 12 2 11 2773
2 9 12 3 37408
10 9 4 3 20704
10 7 11 9 59345
10 2 3 7 40096
11 1 4 12 56073
8 6 10 2 12346
1 3 4 11 40942
7 3 13 5 50844
13 10 4 12 38259
9 8 13 3 30154
10 12 13 6 47128
12 2 3 8 14280
13 9 4 6 44897
6 4 2 5 14078
8 11 13 1 34552
6 4 10 5 21280
1 10 11 2 36064
13 2 4 5 1069
1 7 5 13 26520
9 4 12 11 14171
13 8 10 4 16148
10 7 5 9 58885
6 2 8 5 30116
3 7 10 2 26060
3 7 10 12 38673
3 11 5 10 4399
5 3 8 6 24376
63
7 1 9 6 28518
13 2 9 7 59185
1 2 4 6 22709
3 11 9 2 57190
1 8 7 12 39898
12 3 6 2 32956
12 4 3 9 10191
3 11 10 4 13966
7 9 12 13 14642
12 4 6 7 14752
4 9 10 5 3890
7 9 3 4 21075
2 5 11 10 51555
7 12 5 11 53447
11 13 7 8 29111
3 13 10 9 39343
13 8 10 12 16113
5 6 12 10 34741
3 9 11 12 22253
11 10 7 1 26726
5 12 10 3 29885
7 10 2 5 2105
4 12 10 11 57455
9 4 10 3 32144
7 1 6 13 30958
11 4 8 2 28397
10 7 4 12 59842
11 6 10 5 56512
11 13 12 8 20503
12 2 10 13 16972
11 1 13 9 22448
8 5 11 10 43343
8 4 11 9 6329
4 5 3 6 18681
9 6 4 2 47934
4 12 3 2 32226
11 10 8 4 21447
13 9 1 4 20460
5 4 6 11 27212
8 9 12 11 9677
6 10 5 8 9238
4 5 11 8 36682
9 8 5 1 19844
7 4 6 9 55037
9 12 3 4 6056
6 2 4 3 22645
3 12 4 5 14361
6 2 12 9 38681
5 4 7 8 9205
1 2 5 10 41798
13 12 1 6 52716
5 12 7 1 17257
2 3 8 10 53389
13 6 3 2 24995
9 10 3 13 42714
13 11 10 7 27626
10 13 1 6 50654
8 1 9 3 22117
13 5 2 11 23089
3 6 5 4 36881
12 9 10 4 49514
6 13 9 8 16328
7 6 2 13 54005
0
